8512,3
8512,1
8512,0
8504,3
8504,0
8496,3
8496,1
8496,0
8488,3
8488,1
8488,0
8480,3
8480,1
8480,0
8472,3
8472,1
8472,0
8464,3
8464,1
8464,0
8456,3
8456,1
8456,0
8448,3
8448,1
8448,0
8440,3
8440,1
8440,0
8400,3
8400,1
8400,0
8392,3
8392,0
8376,3
8376,1
8376,0
8360,3
8360,1
8360,0
8352,3
8352,1
8352,0
8344,3
8344,1
8344,0
8336,3
8336,1
8336,0
8328,3
8328,1
8328,0
0,570
0,561
0,558
0,542
0,513
0,9
0,12
0,10
0,8
0,0
0,527
0,553
0,538
0,546
0,548
0,568
0,512
0,518
0,523
0,540
0,549
0,545
0,566
0,525
0,554
0,517
0,541
0,550
0,563
0,534
0,565
0,536
0,572
0,556
0,533
0,557
0,528
0,514
0,520
0,529
0,539
0,515
0,524
0,532
0,552
0,543
0,555
0,544
0,569
0,551
0,574
0,575
0,526
0,571
0,63
0,530
0,62
0,61
0,535
0,60
0,560
0,59
0,521
0,58
0,562
0,57
0,564
0,522
0,56
0,531
0,55
0,54
0,567
0,53
0,519
0,52
0,573
0,51
0,559
0,50
0,547
0,537
0,49
0,48
0,47
0,46
0,45
0,516
0,6
0,5
0,1
0,11
0,4
0,2
0,3
0,7
8521,3
8521,0
8513,3
8513,1
8513,0
8433,3
8433,1
8433,0
8425,3
8425,1
8425,0
8417,3
8417,1
8417,0
8409,3
8409,0
8401,3
8401,1
8401,0
8393,3
8393,1
8393,0
8385,3
8385,1
8385,0
8377,3
8377,1
8377,0
8369,3
8369,1
8369,0
8329,3
8329,1
8329,0
8321,3
8321,1
8321,0
8313,3
8313,1
8313,0
1,3
1,2
1,1
1,0
8514,3
8514,1
8514,0
8506,3
8506,1
8506,0
8498,3
8498,1
8498,0
8490,3
8490,1
8490,0
8482,3
8482,1
8482,0
8474,3
8474,0
8466,3
8466,1
8466,0
8458,3
8458,1
8458,0
8450,3
8450,1
8450,0
8442,3
8442,1
8442,0
8402,3
8402,1
8402,0
8378,3
8378,1
8378,0
8362,3
8362,1
8362,0
8354,3
8354,1
8354,0
8346,3
8346,1
8346,0
8338,3
8338,1
8338,0
8330,3
8330,0
2,15
2,14
2,6
2,3
2,2
2,1
2,0
8523,3
8523,0
8435,3
8435,1
8435,0
8427,3
8427,1
8427,0
8419,3
8419,1
8419,0
8411,3
8411,1
8411,0
8403,3
8403,1
8403,0
8395,3
8395,1
8395,0
8387,3
8387,1
8387,0
8379,3
8379,1
8379,0
8371,3
8371,1
8371,0
8323,3
8323,1
8323,0
8315,3
8315,1
8315,0
3,3
3,2
3,1
3,0
0,243
0,255
0,254
0,253
0,252
0,251
0,250
0,249
0,248
0,247
0,246
0,245
0,244
0,242
0,241
0,240
0,239
0,238
0,237
0,236
0,235
0,234
0,233
0,232
0,231
0,230
0,229
0,228
0,227
0,226
0,225
0,224
0,223
0,222
0,221
0,220
0,219
0,218
0,217
0,216
0,215
0,214
0,213
0,212
0,211
0,210
0,209
0,208
0,207
0,206
0,205
0,204
0,203
0,202
0,201
0,200
0,199
0,198
0,197
0,196
0,195
0,194
0,193
0,192
8516,3
8516,1
8516,0
8508,3
8508,0
8500,3
8500,0
8492,3
8492,1
8492,0
8484,3
8484,1
8484,0
8476,3
8476,0
8468,3
8468,1
8468,0
8460,3
8460,1
8460,0
8452,3
8452,1
8452,0
8444,3
8444,1
8444,0
8364,3
8364,0
8356,3
8356,1
8356,0
8348,3
8348,1
8348,0
8340,3
8340,1
8340,0
8332,3
8332,1
8332,0
0,319
0,310
0,305
0,308
0,307
0,302
0,304
0,303
0,300
0,299
0,298
0,297
0,296
0,295
0,294
0,293
0,292
0,291
0,290
0,289
0,288
0,287
0,286
0,285
0,284
0,283
0,282
0,281
0,280
0,279
0,278
0,277
0,276
0,275
0,274
0,273
0,272
0,271
0,270
0,269
0,268
0,267
0,266
0,265
0,264
0,263
0,262
0,261
0,314
0,260
0,259
0,258
0,257
0,313
0,256
0,312
0,316
0,318
0,306
0,301
0,315
0,317
0,311
0,309
8525,3
8525,0
8437,3
8437,1
8437,0
8429,3
8429,1
8429,0
8421,3
8421,1
8421,0
8413,3
8413,0
8405,3
8405,1
8405,0
8397,3
8397,1
8397,0
8389,3
8389,1
8389,0
8381,3
8381,1
8381,0
8373,3
8373,1
8373,0
8341,3
8341,1
8341,0
8325,3
8325,1
8325,0
8317,3
8317,0
0,371
0,327
0,322
0,362
0,359
0,348
0,376
0,355
0,381
0,329
0,332
0,351
0,356
0,345
0,374
0,350
0,372
0,370
0,337
0,338
0,341
0,336
0,349
0,342
0,344
0,343
0,366
0,367
0,358
0,326
0,363
0,324
0,330
0,365
0,331
0,357
0,354
0,379
0,373
0,335
0,378
0,339
0,377
0,380
0,321
0,375
0,360
0,369
0,328
0,325
0,320
0,340
0,334
0,346
0,333
0,368
0,364
0,361
0,383
0,352
0,353
0,347
0,382
8518,3
8518,1
8518,0
8510,3
8510,1
8510,0
8502,3
8502,0
8494,3
8494,1
8494,0
8486,3
8486,0
8478,3
8478,1
8478,0
8470,3
8470,1
8470,0
8462,3
8462,0
8454,3
8454,1
8454,0
8446,3
8446,1
8446,0
8398,3
8398,1
8398,0
8390,3
8390,1
8390,0
8374,3
8374,1
8374,0
8366,3
8366,0
8358,3
8358,1
8358,0
8350,3
8350,0
8342,3
8342,1
8342,0
8334,3
8334,1
8334,0
0,437
0,415
0,411
0,408
0,404
0,442
0,399
0,410
0,447
0,440
0,446
0,396
0,402
0,443
0,406
0,397
0,386
0,392
0,416
0,389
0,427
0,414
0,385
0,435
0,433
0,401
0,424
0,432
0,436
0,444
0,398
0,426
0,439
0,421
0,434
0,428
0,419
0,390
0,388
0,417
0,391
0,445
0,438
0,418
0,394
0,395
0,422
0,403
0,409
0,430
0,405
0,393
0,413
0,441
0,400
0,412
0,387
0,425
0,384
0,431
8527,3
8527,1
8527,0
8519,3
8519,1
8519,0
8439,3
8439,1
8439,0
8431,3
8431,1
8431,0
8423,3
8423,1
8423,0
8415,3
8415,1
8415,0
8407,3
8407,1
8407,0
8399,3
8399,1
8399,0
8391,3
8391,0
8383,3
8383,1
8383,0
8375,3
8375,1
8375,0
8367,3
8367,0
8343,3
8343,1
8343,0
8327,3
8327,0
8319,3
8319,1
8319,0
8311,3
8311,1
8311,0
0,497
0,450
0,504
0,503
0,501
0,487
0,508
0,510
0,489
0,464
0,485
0,494
0,484
0,493
0,472
0,460
0,478
0,456
0,506
0,502
0,490
0,496
0,465
0,469
0,473
0,449
0,486
0,483
0,453
0,466
0,470
0,482
0,505
0,476
0,475
0,458
0,511
0,467
0,462
0,498
0,481
0,500
0,463
0,451
0,468
0,455
0,471
0,461
0,492
0,509
0,474
0,507
0,491
0,480
0,457
0,479
0,499
0,459
0,495
0,477
0,454
0,452
